0
0
0
0
0
0
0
0
0
0
0
0
0
0
0
0
0
0
0
0
0
0
0
0
0
0
0
0
0
0
0
0
0
0
0
0
0
0
0
0
0
0
0
0
0
0
0
0
0
0
0
0
0
0
0
0
0
0
0
0
0
0
0
0
0
0
0
0
0
0
0
0
0
0
0
0
0
0
0
0
0
0
0
0
0
0
0
0
0
0
0
0
0
0
0
0
0
0
0
0
0
0
0
0
0
0
0
0
0
0
0
0
0
0
0
0
0
0
0
0
0
0
0
0
0
0
0
0
0
0
0
0
0
0
0
0
0
0
0
0
0
0
0
0
0
0
0
0
0
0
0
0
0
0
0
0
0
0
0
0
0
0
0
0
0
0
0
0
0
0
0
0
0
0
0
0
0
0
0
0
0
0
0
0
0
0
0
0
0
0
0
0
0
0
1
0
1
1
2
1
4
2
1
1
6
3
4
3
2
6
6
5
3
9
12
7
8
15
12
11
15
18
22
16
27
37
21
48
45
53
85
77
62
82
112
111
133
171
210
241
263
332
361
451
496
630
767
991
1189
1446
2075
2765
4538
8041
13424
19304
13553
7999
4438
2817
2014
1483
1113
893
708
599
527
450
395
321
298
233
198
145
152
107
94
65
65
67
69
55
47
41
36
27
29
29
32
18
18
14
19
12
6
13
6
5
5
4
6
2
7
3
0
6
2
1
2
1
2
1
2
2
2
0
2
1
0
1
1
0
0
0
0
0
0
0
0
0
0
0
0
0
0
0
0
0
0
0
0
0
0
0
0
0
0
0
0
0
0
0
3
0
1
1
0
0
1
0
0
0
0
1
0
0
0
0
0
0
0
0
0
0
0
2
0
0
0
0
1
3
1
4
11
7
14
18
14
23
37
29
20
15
9
4
3
3
2
2
2
2
1
1
2
3
1
0
0
6
1
1
2
3
1
1
0
0
0
0
0
0
0
0
0
0
0
0
0
0
0
0
0
0
0
0
0
0
0
0
0
0
0
0
0
0
0
0
0
0
0
0
0
0
0
0
0
0
0
0
0
0
0
0
0
0
0
0
0
0
0
0
0
0
0
0
0
0
0
0
0
0
0
0
0
0
0
0
0
0
0
0
0
0
0
0
0
0
0
0
0
0
0
0
0
0
0
0
0
0
0
