0
0
0
0
0
0
0
0
0
0
0
0
0
0
0
0
0
0
0
0
0
0
0
0
0
0
0
0
0
0
0
0
0
0
0
0
0
0
0
0
0
0
0
0
0
0
0
0
0
0
0
0
0
0
0
0
0
0
0
0
0
0
0
0
0
0
0
0
0
0
0
0
0
0
0
0
0
0
0
0
0
0
0
0
0
0
0
0
0
0
0
0
0
0
0
0
0
0
0
0
0
0
0
0
0
0
0
0
0
0
0
0
0
0
0
0
0
0
0
0
0
0
0
0
0
0
0
0
0
0
0
0
0
0
0
0
0
0
0
0
0
0
0
0
0
0
0
0
0
0
0
0
0
0
0
0
0
0
0
0
0
0
0
0
0
0
0
0
0
0
0
0
0
0
0
0
0
0
0
0
0
0
0
0
0
0
0
0
0
0
2
0
1
1
1
1
2
2
4
2
5
5
7
2
5
9
6
6
8
14
7
12
16
18
27
25
20
22
34
35
23
50
36
38
41
56
49
63
71
95
79
104
108
127
142
169
184
220
242
256
296
346
363
490
506
595
773
913
1085
1384
1897
2636
4332
7904
13020
19739
12516
7827
4461
2935
2058
1556
1252
982
837
655
568
515
413
330
299
258
238
229
182
139
117
121
98
85
52
59
45
52
54
36
41
27
17
18
17
21
16
11
16
6
14
16
8
12
7
9
7
11
4
3
6
10
5
6
3
5
5
2
5
3
3
3
2
2
2
0
1
0
0
2
1
0
0
0
1
0
0
0
0
0
0
0
0
3
9
13
9
3
6
2
1
2
2
0
0
0
1
1
1
2
1
0
0
1
2
1
0
0
2
3
5
5
2
2
0
1
1
5
8
3
4
4
4
12
8
7
10
6
6
6
4
3
3
2
3
4
2
2
2
0
1
0
0
1
1
0
2
0
0
1
1
0
1
1
1
3
0
0
0
1
1
1
3
1
0
2
0
0
1
2
0
3
2
0
1
6
3
1
1
0
1
0
1
1
2
1
1
2
0
1
5
1
2
5
2
0
0
0
0
0
0
0
0
0
0
0
0
0
0
0
0
0
0
0
0
0
0
0
0
0
0
0
0
0
0
0
0
0
0
0
0
0
0
0
0
0
0
0
0
0
0
0
0
0
0
0
0
0
0
0
0
0
0
0
0
