0
0
0
0
0
0
0
0
0
0
0
0
0
0
0
0
0
0
0
0
0
0
0
0
0
0
0
0
0
0
0
0
0
0
0
0
0
0
0
0
0
0
0
0
0
0
0
0
0
0
0
0
0
0
0
0
0
0
0
0
0
0
0
0
0
0
0
0
0
0
0
0
0
0
0
0
0
0
0
0
0
0
0
0
0
0
0
0
0
0
0
0
0
0
0
0
0
0
0
0
0
0
0
0
0
0
0
0
0
0
0
0
0
0
0
0
0
0
0
0
0
0
0
0
0
0
0
0
0
0
0
0
0
0
0
0
0
0
0
0
0
0
0
0
0
0
0
0
0
0
0
0
0
0
0
0
0
1
2
1
0
1
1
1
2
1
4
2
0
2
3
3
5
0
6
2
4
4
3
8
6
4
7
11
6
11
17
14
26
18
11
22
21
17
19
22
22
17
26
17
29
23
33
30
30
32
37
48
49
54
53
63
55
63
70
82
77
81
93
115
134
138
151
147
164
200
207
229
230
303
354
351
412
459
531
616
702
812
960
1077
1359
1592
1820
2204
2710
3246
4106
5128
6619
8697
11849
16992
24115
32579
41532
54089
41061
31556
22419
15691
10933
8020
6005
4488
3555
2747
2295
1826
1626
1285
1096
946
785
735
620
546
509
483
394
374
368
283
309
251
234
211
220
164
196
179
163
123
133
138
119
109
103
86
87
91
92
95
73
66
65
59
55
69
51
47
37
46
27
47
41
31
29
18
33
28
23
18
32
28
12
14
16
20
11
18
14
6
10
16
8
9
11
9
8
4
5
4
3
3
8
6
3
5
3
3
4
3
2
1
1
0
1
2
0
0
0
0
0
0
0
0
0
0
0
0
0
0
0
0
0
0
0
0
0
0
0
0
0
0
0
0
0
0
0
0
0
0
0
0
0
0
0
0
0
0
0
0
0
0
0
0
0
0
0
0
0
0
0
0
0
0
0
0
0
0
0
0
0
0
0
0
0
0
0
0
0
0
0
0
0
0
0
0
0
0
0
0
0
0
0
0
0
0
0
0
0
0
0
0
0
0
0
0
0
0
0
0
0
0
0
0
0
0
0
0
0
0
0
0
0
0
0
0
0
0
0
0
0
0
0
0
0
0
0
0
0
0
0
0
0
0
0
0
0
0
0
0
0
0
0
0
0
0
0
0
0
