0
0
0
0
0
0
0
0
0
0
0
0
0
0
0
0
0
0
0
0
0
0
0
0
0
0
0
0
0
0
0
0
0
0
0
0
0
0
0
0
0
0
0
0
0
0
0
0
0
0
0
0
0
0
0
0
0
0
0
0
0
0
0
0
0
0
0
0
0
0
0
0
0
0
0
0
0
0
0
0
0
0
0
0
0
0
0
0
0
0
0
0
0
0
0
0
0
0
0
0
0
0
0
0
0
0
0
0
0
0
0
0
0
0
0
0
0
0
0
0
0
0
1
0
0
1
0
0
0
0
0
2
2
1
1
1
3
2
3
6
4
2
8
11
8
8
8
13
12
5
16
14
13
11
13
9
13
20
13
19
23
17
20
17
19
24
23
15
20
24
24
14
22
29
24
27
31
22
25
25
23
38
34
24
34
32
40
45
40
50
42
34
33
46
46
58
47
71
50
74
74
80
94
85
105
96
111
101
121
120
113
133
116
148
172
174
190
217
215
226
265
288
311
309
351
379
451
439
504
604
626
725
717
880
890
1048
1246
1373
1616
1803
2121
2430
2886
3414
3936
4636
5666
6666
8214
10075
12167
16109
21006
25479
29727
45397
30160
25813
20950
15952
12171
10118
7926
6472
5497
4725
3837
3362
2842
2410
2117
1897
1519
1471
1239
1094
949
907
795
724
701
581
532
548
459
414
425
351
348
311
265
267
221
189
169
168
173
159
158
155
120
124
120
102
93
86
79
86
79
72
82
70
52
62
55
48
48
65
49
37
32
37
36
30
45
39
26
34
31
30
33
28
24
24
26
22
17
23
25
27
27
27
21
20
22
16
23
23
26
23
16
14
9
22
20
13
14
15
10
21
9
8
10
14
9
6
8
4
1
5
8
5
6
5
6
3
4
5
3
6
2
2
3
4
3
3
3
4
1
2
1
4
5
4
0
0
3
1
0
1
0
2
0
1
1
0
0
1
1
0
0
0
0
0
0
0
0
0
1
0
1
0
0
0
0
1
0
1
0
0
0
0
0
0
0
0
0
0
0
0
0
0
0
0
0
0
0
0
0
0
0
0
0
0
0
0
0
0
0
0
0
0
0
0
0
0
0
0
0
0
0
0
0
0
0
0
0
0
0
0
0
0
0
0
0
0
0
0
0
0
0
0
0
0
0
0
0
0
0
0
0
0
0
0
0
0
0
0
0
0
0
