0
0
0
0
0
0
0
0
0
0
0
0
0
0
0
0
0
0
0
0
0
0
0
0
0
0
0
0
0
0
0
0
0
0
0
0
0
0
0
0
0
0
0
0
0
0
0
0
0
0
0
0
0
0
0
0
0
0
0
0
0
0
0
0
0
0
0
0
0
0
0
0
0
0
0
0
0
0
0
0
0
0
0
0
0
0
0
0
0
0
0
0
0
0
0
0
0
0
0
0
0
0
0
0
1
0
0
0
0
0
0
0
0
0
0
0
0
0
0
0
0
0
0
0
0
0
0
0
0
0
0
0
0
0
0
0
0
0
0
1
0
2
1
3
0
3
4
2
1
6
8
7
8
10
12
9
16
10
6
15
16
9
22
9
18
19
20
23
16
20
13
22
30
25
35
30
30
32
38
34
32
28
35
41
53
46
50
42
40
38
52
64
49
60
66
59
61
58
76
72
69
63
67
81
71
81
88
106
96
107
101
93
123
130
127
105
140
144
130
151
154
150
178
191
195
209
221
232
264
240
283
305
350
378
388
408
506
529
570
661
768
866
954
1182
1365
1692
2001
2748
3578
5376
8637
14506
24357
37725
51006
63647
51025
36408
23771
13874
7821
4873
3424
2489
1853
1673
1338
1120
958
826
753
674
582
522
472
433
415
366
349
342
279
268
248
229
243
230
199
193
216
186
182
162
154
141
139
138
149
131
126
98
116
104
103
99
80
82
79
85
92
80
76
74
72
65
68
64
70
54
57
65
59
37
59
58
41
33
35
51
40
36
49
36
29
37
25
37
31
23
32
27
23
21
17
22
21
22
15
9
15
16
6
13
7
13
13
10
5
5
6
2
4
3
1
1
2
1
2
1
2
1
1
0
0
0
1
0
0
0
0
0
0
1
1
0
0
0
0
0
0
0
0
0
0
0
0
0
0
0
0
0
0
0
0
0
0
0
0
0
0
0
0
0
0
0
0
0
0
0
0
0
0
0
0
0
0
0
0
0
0
0
0
0
0
0
0
0
0
0
0
0
0
0
0
0
0
0
0
0
0
0
0
0
0
0
0
0
0
0
0
0
0
0
0
0
0
0
0
0
0
0
0
0
0
0
0
0
0
0
0
0
0
0
0
0
0
0
0
0
0
0
0
0
0
0
0
0
0
0
0
0
0
0
0
0
0
0
0
0
0
0
0
