0
0
0
0
0
0
0
0
0
0
0
0
0
0
0
0
0
0
0
0
0
0
0
0
0
0
0
0
0
0
0
0
0
0
0
0
0
0
0
0
0
0
0
0
0
0
0
0
0
0
0
0
0
0
0
0
0
0
0
0
0
0
0
0
0
0
0
0
0
0
0
0
0
0
0
0
0
0
0
0
0
0
0
0
0
0
0
0
0
0
0
0
0
0
0
0
0
0
0
0
0
0
0
0
0
0
0
0
0
0
0
0
0
0
0
0
0
0
0
0
0
0
0
0
0
0
0
0
0
1
2
1
0
2
1
3
1
2
4
5
2
4
1
2
7
5
4
6
5
5
4
6
4
7
8
7
7
10
4
10
3
5
2
4
8
10
8
12
6
9
6
10
8
10
10
11
10
10
18
21
21
17
23
27
23
27
33
33
36
25
29
37
34
37
31
40
50
41
54
50
40
64
55
70
78
53
90
85
77
88
109
88
113
122
128
134
156
148
183
171
193
214
218
229
248
327
326
356
384
413
404
474
538
533
620
689
719
818
908
1055
1221
1343
1543
1833
2175
2686
3260
4020
5278
6760
8821
11183
14227
17572
20137
22262
21016
18728
15831
12807
9943
7825
6017
4657
3773
3048
2485
2012
1725
1429
1305
1045
939
856
734
681
529
566
475
475
401
364
368
300
292
289
223
247
222
205
197
162
163
141
145
154
111
120
109
104
90
94
90
88
80
67
64
67
70
61
57
60
40
35
36
39
28
27
37
27
34
28
22
34
24
22
13
16
32
17
10
10
11
15
13
13
12
10
19
17
7
8
9
12
8
14
5
8
6
13
13
10
9
17
28
10
11
13
11
10
5
13
12
2
5
2
2
0
0
0
1
1
0
2
0
0
3
1
1
1
1
1
1
0
3
1
0
1
1
1
2
1
1
1
1
0
0
1
0
0
0
1
0
0
2
0
0
1
3
2
4
9
5
10
6
4
6
11
4
7
1
2
2
0
0
3
3
1
0
0
2
0
0
0
0
0
0
0
0
0
0
0
0
0
0
0
0
0
0
0
0
0
0
0
0
0
0
0
0
0
0
0
0
0
0
0
0
0
0
0
0
0
0
0
0
0
0
0
0
0
0
0
0
0
0
0
0
0
0
0
0
0
0
0
0
0
0
0
0
0
0
0
0
0
0
0
0
0
0
0
0
