0
0
0
0
0
0
0
0
0
0
0
0
0
0
0
0
0
0
0
0
0
0
0
0
0
0
0
0
0
0
0
0
0
0
0
0
0
0
0
0
0
0
0
0
0
0
0
0
0
1
0
0
0
0
0
0
0
0
0
0
0
0
0
0
0
0
0
1
0
0
0
0
0
0
0
1
2
0
0
0
1
0
0
2
0
1
2
1
3
0
0
0
1
0
5
2
3
2
0
2
2
1
4
2
1
1
4
3
4
2
4
9
5
7
2
6
2
5
9
6
9
7
6
6
8
6
13
7
19
16
10
11
11
14
11
15
14
12
12
24
20
17
19
24
25
30
30
21
19
28
39
28
36
31
44
39
41
38
56
44
45
57
55
71
63
58
58
66
78
82
81
77
70
99
95
99
104
113
125
134
115
152
155
157
145
186
193
197
201
218
197
249
262
285
296
309
327
332
353
333
387
402
446
448
517
491
481
576
606
617
642
726
760
759
766
926
887
892
978
1089
1113
1189
1208
1378
1471
1419
1489
1598
1702
1726
1800
2099
1955
2144
2335
2342
2595
2697
2763
3755
3246
3430
3971
4369
4991
5089
5600
6791
7301
8198
9236
10298
12059
11276
10705
32235
10381
11345
11527
10333
9099
8271
7278
6936
5582
5137
5144
4242
3881
3333
3212
3577
2648
2454
2509
2289
2276
2209
1942
2030
1745
1753
1653
1581
1518
1381
1466
1339
1140
1172
1141
1087
976
920
884
898
730
715
743
667
617
624
597
597
527
528
464
452
411
392
406
348
363
286
319
320
266
259
258
242
228
188
235
199
183
179
185
171
171
149
129
144
121
146
132
106
97
75
82
96
85
92
69
78
62
63
54
58
58
49
48
56
42
39
40
33
42
21
21
46
30
38
15
14
33
24
20
24
21
28
18
16
16
12
14
12
21
18
13
19
17
10
12
12
6
6
8
10
6
7
7
6
2
8
6
1
7
7
6
7
7
4
1
2
4
4
2
2
2
2
3
3
4
3
0
2
1
1
1
1
4
2
2
1
1
1
1
1
1
0
1
2
1
0
0
0
0
0
0
0
0
0
0
0
0
2
0
0
0
1
1
0
1
0
0
1
0
0
0
0
0
0
0
0
0
1
0
0
0
0
0
0
0
0
1
0
0
0
0
1
0
0
0
0
0
0
0
0
0
0
0
0
0
0
0
0
0
0
0
0
0
0
0
0
0
0
0
0
0
0
0
