0
0
0
0
0
0
0
0
0
0
0
0
0
0
0
0
0
0
0
0
0
0
0
0
0
0
0
0
0
0
0
0
0
0
0
0
0
0
0
0
0
0
0
0
0
0
0
0
0
0
0
0
0
0
0
0
0
0
0
0
0
0
0
0
0
0
0
0
0
0
0
0
0
0
0
0
0
0
0
0
0
0
0
0
0
0
0
0
0
0
0
0
0
0
0
0
0
0
0
0
0
0
0
0
0
0
0
0
0
0
0
0
0
0
0
0
0
0
0
0
0
0
0
0
0
0
0
0
0
0
0
0
0
0
0
0
0
0
0
0
0
0
0
0
0
0
0
0
0
0
0
0
1
0
0
0
0
0
6
16
31
21
32
28
15
19
8
4
9
4
7
3
3
1
1
1
0
4
1
0
0
4
1
0
0
1
1
2
0
0
3
1
2
2
2
4
3
2
5
1
2
4
1
0
0
0
0
0
0
0
0
1
0
0
1
0
1
1
5
7
2
3
1
2
3
2
0
4
1
1
2
2
3
5
4
7
6
16
10
35
41
57
62
87
147
156
243
338
450
679
1051
1626
2759
5758
11800
15431
11223
5288
2597
1520
1020
725
497
344
245
180
169
124
64
53
40
31
17
11
14
9
11
4
5
8
3
1
1
2
2
3
0
0
1
0
1
0
0
0
0
0
0
0
0
1
0
0
0
0
0
0
0
0
0
0
0
0
0
0
0
0
0
0
0
0
0
0
0
0
0
0
0
0
0
0
0
0
0
0
0
0
0
0
0
0
0
0
0
0
0
0
0
0
0
0
0
0
0
0
0
0
0
0
0
0
0
0
0
0
0
0
0
0
0
0
0
0
0
0
0
0
0
0
0
0
0
0
0
0
0
0
0
0
0
0
0
0
0
0
0
0
0
0
0
0
0
0
0
0
0
0
0
0
0
0
0
0
0
0
0
0
0
0
0
0
0
0
0
0
0
0
0
0
0
0
0
0
0
0
0
0
0
0
3
1
6
1
0
1
4
0
2
1
1
1
4
2
2
1
4
2
1
0
2
2
0
0
1
0
1
2
6
2
2
2
5
7
15
21
24
35
48
42
2
0
0
0
0
0
0
0
0
0
0
0
0
0
0
0
0
0
0
0
0
0
0
0
0
0
0
0
0
0
0
0
0
