0
0
0
0
0
0
0
0
0
0
0
0
0
0
0
0
0
0
0
0
0
0
0
0
0
0
0
0
0
0
0
0
0
0
0
0
0
0
0
0
0
0
0
0
0
0
0
0
0
0
0
0
0
0
0
0
0
0
0
0
0
0
0
0
0
0
0
0
0
0
0
0
0
0
0
0
0
0
0
0
0
0
0
0
0
0
0
0
0
0
0
0
0
0
0
0
0
0
0
0
0
0
0
0
0
0
0
0
0
0
0
0
0
0
0
0
0
0
0
0
0
0
0
0
0
0
0
0
0
0
0
0
0
0
0
0
0
0
0
0
1
4
3
1
3
2
2
2
2
4
2
4
4
4
3
4
4
7
2
6
5
6
0
3
3
8
5
5
9
8
12
7
8
9
13
13
15
11
13
21
19
19
26
21
29
27
39
37
30
40
40
35
43
67
52
52
64
59
75
61
73
86
84
79
82
74
99
93
109
128
129
131
128
134
141
139
155
133
190
164
145
167
182
232
222
257
254
255
287
268
296
308
335
401
401
485
496
574
609
677
768
928
1026
1163
1416
1672
2002
2580
3296
4262
6173
8912
13313
20752
31616
39336
31784
21122
13503
8906
6203
4290
3406
2609
2031
1714
1501
1237
1059
921
811
672
638
565
544
515
429
423
342
350
344
334
281
267
292
251
225
222
216
212
188
182
160
158
178
138
133
139
130
111
127
97
95
105
99
80
106
83
85
80
64
76
64
57
69
55
47
40
47
46
41
34
38
33
36
21
22
20
16
15
23
18
17
14
14
16
12
11
12
13
27
33
34
68
66
65
120
42
12
14
7
7
4
7
12
11
6
5
5
8
8
7
5
8
10
5
10
11
11
21
25
35
34
33
32
21
20
20
14
19
11
9
10
3
9
2
4
3
5
2
2
2
0
0
0
1
0
1
2
0
1
1
0
0
0
0
0
0
0
0
0
0
0
0
0
0
0
0
0
0
0
0
0
0
0
0
0
0
0
0
0
0
0
0
0
0
0
0
0
0
0
0
0
0
0
0
0
0
0
0
0
0
0
0
0
0
0
0
0
0
0
0
0
0
0
0
0
0
0
0
0
0
0
0
0
0
0
0
0
0
0
0
0
0
0
0
0
0
0
0
0
0
0
0
0
0
0
0
0
0
0
0
0
0
0
0
0
0
0
0
0
