0
0
0
0
0
0
0
0
0
0
0
0
0
0
0
0
0
0
0
0
0
0
0
0
0
0
0
0
0
0
0
0
0
0
0
0
0
0
0
0
0
0
0
0
0
0
0
0
0
0
0
0
0
0
0
0
0
0
0
0
0
0
0
0
0
0
0
0
0
0
0
0
0
0
0
0
0
0
0
0
0
0
0
0
0
0
0
0
0
0
0
0
0
0
0
0
0
0
0
0
0
0
0
0
0
0
0
0
0
0
0
0
0
0
0
0
0
0
0
0
0
0
0
0
0
0
0
0
0
0
0
0
0
0
0
0
0
0
0
0
0
0
0
0
0
0
0
0
0
0
0
0
0
0
0
0
0
0
0
0
0
0
0
0
0
0
0
0
0
0
0
1
0
3
0
1
2
1
2
1
1
0
4
4
9
9
5
13
11
10
24
23
27
36
33
48
47
41
37
37
51
43
38
38
35
40
64
48
46
45
61
65
62
66
65
91
97
92
123
127
130
152
145
129
153
189
200
188
217
285
288
262
307
297
390
386
484
507
564
610
688
785
945
1002
1234
1496
1866
2371
3034
4121
5756
8264
13009
21058
33623
44148
33878
21704
13856
9159
6144
4703
3449
2778
2074
1703
1449
1190
974
891
748
670
523
499
415
370
342
285
256
247
228
224
201
196
155
160
155
134
99
107
94
93
84
72
76
68
83
82
70
51
47
51
31
43
33
23
19
28
15
8
19
8
11
5
2
3
2
6
2
8
8
3
1
4
2
1
0
3
1
2
1
0
0
2
1
1
0
0
0
0
0
0
0
0
0
0
0
0
0
0
0
0
0
0
0
0
0
0
0
0
0
0
0
0
0
0
0
0
0
0
0
0
0
0
0
0
0
0
0
0
0
0
0
0
0
0
0
0
0
1
0
0
0
0
0
0
0
0
0
0
0
0
0
0
0
0
0
0
0
0
0
0
0
0
0
0
0
0
0
0
0
0
0
0
0
0
0
0
0
0
0
0
0
0
0
0
0
0
0
0
0
0
0
0
0
0
0
0
0
0
0
0
0
0
0
0
0
0
0
0
0
0
0
0
0
0
0
0
0
0
0
0
0
0
0
0
0
0
0
0
0
0
0
0
0
0
0
0
0
0
0
0
0
0
0
0
0
0
0
0
0
0
0
0
0
0
0
0
0
0
0
