0
0
0
0
0
0
0
0
0
0
0
0
0
0
0
0
0
0
0
0
0
0
0
0
0
0
0
0
0
0
0
0
0
0
0
0
0
0
0
0
0
0
0
0
0
0
0
0
0
0
0
0
0
0
0
0
0
0
0
0
0
0
0
0
0
0
0
0
0
0
0
0
0
0
0
0
0
0
0
0
0
0
0
0
0
0
0
0
0
0
0
0
0
0
0
0
0
0
0
0
0
0
0
0
0
0
0
0
0
0
0
0
0
0
0
0
0
0
0
0
0
0
0
0
0
0
0
0
0
0
0
0
0
0
0
0
0
0
0
0
0
0
0
0
0
0
0
0
0
0
0
0
0
0
0
0
0
0
0
0
0
0
0
0
0
0
0
0
0
0
0
0
0
0
0
0
0
0
0
0
0
0
0
0
0
0
0
0
0
0
0
0
0
0
0
0
0
0
0
0
0
0
0
0
0
0
0
0
0
0
0
0
0
0
0
0
0
0
0
0
0
0
0
0
0
0
0
0
0
0
0
0
0
0
0
0
0
0
0
4266
988
27
1
0
0
0
1
11
112
278
400
761
1872
6501
54668
259510
53239
6726
1854
718
408
259
102
55
16
10
15
18
4
21
7
8
8
11
14
6
13
3
6
8
7
4
6
9
4
2
6
9
3
6
9
5
7
1
7
5
2
3
9
5
3
2
0
3
2
1
4
3
5
2
3
4
1
1
0
1
2
0
0
1
0
0
4
0
3
0
1
1
0
2
0
1
0
1
1
0
0
0
1
1
2
1
1
1
1
0
0
1
7
2
4
2
2
5
4
2
4
2
1
4
1
0
1
2
0
0
1
0
0
0
1
2
2
5
3
0
1
3
1
4
2
2
2
4
3
3
3
4
1
2
1
4
5
4
0
0
3
1
0
1
0
2
0
1
1
0
0
1
1
0
0
0
0
0
0
0
0
0
1
0
1
0
0
0
0
1
0
1
0
0
0
0
0
0
0
0
0
0
0
0
0
0
0
0
0
0
0
0
0
0
0
0
0
0
0
0
0
0
0
0
0
0
0
0
0
0
0
0
0
0
0
0
0
0
0
0
0
0
0
0
0
0
0
0
0
0
0
0
0
0
0
0
0
0
0
0
0
0
0
0
0
0
0
0
0
0
0
0
0
0
0
