0
0
0
0
0
0
0
0
0
0
0
0
0
0
0
0
0
0
0
0
0
0
0
0
0
0
0
0
0
0
0
0
0
0
0
0
0
0
0
0
0
0
0
0
0
0
0
0
0
0
0
0
0
0
0
0
0
0
0
0
0
0
0
0
0
0
0
0
0
0
0
0
0
0
0
0
0
0
0
0
0
0
0
0
0
0
0
0
0
0
0
0
0
0
0
0
0
0
0
0
0
0
0
0
0
0
0
0
0
0
0
0
0
0
0
0
0
0
0
0
0
0
0
0
0
0
0
0
0
0
0
0
0
0
0
0
0
0
0
0
0
0
0
0
0
0
0
0
0
0
0
0
0
0
0
0
0
0
0
0
0
0
0
0
0
0
0
0
0
0
0
0
0
0
0
0
0
0
0
0
0
0
0
0
0
0
0
0
0
0
0
0
0
0
0
0
0
0
0
0
0
0
0
0
0
0
0
0
0
0
0
0
0
0
0
0
0
0
0
0
0
0
0
0
0
0
0
0
0
0
0
0
0
0
0
0
0
0
0
0
0
0
0
0
0
0
0
25
29
18
286
574
1146
2814
28169
327634
26541
2849
1227
582
265
34
0
0
0
0
0
0
0
0
0
0
0
0
0
0
0
0
0
0
0
0
0
0
0
0
0
0
0
0
0
0
0
0
0
0
0
0
0
0
0
2
1
0
0
4
1
1
0
1
3
1
1
0
3
1
2
3
7
2
6
3
2
10
16
12
10
15
19
18
16
13
15
10
15
19
15
13
19
11
10
14
6
9
14
16
14
11
15
16
12
14
25
28
24
18
16
16
11
15
13
7
7
8
5
6
4
5
5
2
7
2
6
4
5
6
6
7
6
5
4
5
3
3
8
9
9
10
3
6
5
7
6
3
4
13
5
2
6
3
4
7
4
2
3
4
4
5
7
12
4
4
5
2
5
5
2
1
6
2
8
1
3
5
5
3
2
4
1
3
3
2
3
4
6
3
3
1
5
6
2
2
2
3
1
5
3
6
0
3
5
2
1
0
2
0
0
0
2
1
0
0
0
0
0
0
0
0
0
0
0
0
0
0
0
0
0
0
0
0
0
0
0
0
0
0
0
0
0
0
0
0
0
0
0
0
0
0
0
0
0
0
0
0
0
0
0
0
0
0
0
