0
0
0
0
0
0
0
0
0
0
0
0
0
0
0
0
0
0
0
0
0
0
0
0
0
0
0
0
0
0
0
0
0
0
0
0
0
0
0
0
0
0
0
0
0
0
0
0
0
0
0
0
0
0
0
0
0
0
0
0
0
0
0
0
0
0
0
0
0
0
0
0
0
0
0
0
0
0
0
0
0
0
0
0
0
0
0
0
0
0
0
0
0
0
0
0
0
0
0
0
0
0
0
0
0
0
0
0
0
0
0
0
0
0
0
0
0
0
0
0
0
0
0
0
0
0
0
0
0
0
0
0
0
0
0
0
0
0
0
0
0
0
0
1
0
0
0
0
0
0
0
0
0
0
0
0
0
0
1
0
0
0
0
0
2
0
1
1
0
2
0
0
1
1
3
0
2
2
3
1
0
1
1
2
4
2
8
3
2
3
5
5
7
5
11
9
4
4
12
14
9
9
12
6
17
17
9
17
13
9
14
17
17
18
13
26
18
14
15
30
24
28
24
31
35
27
34
50
39
49
56
41
46
65
80
81
93
127
134
160
192
219
278
352
391
550
702
930
1191
1688
2292
3184
4223
5390
6267
6621
6271
5254
4162
3108
2380
1736
1213
909
697
533
355
328
241
195
187
143
124
102
97
86
84
76
66
57
47
54
35
48
37
42
42
26
37
38
24
26
21
17
19
11
25
16
8
21
12
8
6
4
9
4
8
6
3
4
7
10
4
5
0
10
11
5
4
5
3
1
5
4
5
4
1
4
1
1
3
0
2
2
0
1
1
0
0
0
1
1
0
0
0
0
0
0
0
0
0
0
0
0
0
0
0
0
0
0
0
0
0
0
0
0
0
0
0
0
0
0
0
0
0
0
0
0
0
0
0
0
0
0
0
0
0
3
2
1
2
3
2
1
1
1
1
1
3
1
0
1
2
1
1
3
4
1
7
8
3
3
4
3
5
6
2
5
2
3
2
1
0
2
4
2
4
3
3
6
6
7
7
4
5
1
3
12
7
10
11
5
4
7
4
4
5
7
4
2
2
1
4
4
3
1
3
0
4
2
0
1
0
0
0
0
0
0
0
0
0
0
0
0
0
0
0
0
0
0
0
1
0
0
0
1
0
0
0
0
0
1
0
0
0
0
0
0
0
0
0
0
0
0
0
0
0
0
0
0
0
