0
0
0
0
0
0
0
0
0
0
0
0
0
0
0
0
0
0
0
0
0
0
0
0
0
0
0
0
0
0
0
0
0
0
0
0
0
0
0
0
0
0
0
0
0
0
0
0
0
0
0
0
0
0
0
0
0
0
0
0
0
0
0
0
0
0
0
0
0
0
0
0
0
0
0
0
0
0
0
0
0
0
0
0
0
0
0
0
0
0
0
0
0
0
0
0
0
0
0
0
0
0
0
0
0
0
0
0
0
0
0
0
0
0
0
0
0
0
0
0
0
0
0
0
0
0
0
0
0
0
0
0
0
0
0
0
0
0
0
0
0
0
0
0
0
0
0
0
0
0
0
0
0
0
0
0
0
0
0
3
0
1
1
0
1
2
1
0
1
0
1
0
3
0
1
2
2
2
2
2
1
2
4
5
5
4
0
1
7
6
7
2
2
7
5
5
9
8
7
10
5
11
17
19
15
6
22
24
17
17
25
26
24
50
30
38
36
51
45
60
58
69
79
96
97
109
127
129
173
189
222
261
335
378
438
608
705
820
1077
1311
1651
1961
2470
3061
3784
4618
5720
6882
8153
9643
11350
12577
13684
14868
15460
15736
15416
14672
14024
12313
10774
9801
8088
6744
5552
4626
3691
2858
2357
1933
1444
1148
1025
807
602
518
428
366
299
232
226
189
193
176
149
130
94
102
94
88
88
60
58
69
49
56
40
53
39
39
43
33
39
31
44
45
37
35
38
36
24
26
24
27
31
22
26
26
23
16
18
16
14
10
11
11
8
12
9
7
11
11
5
14
8
9
5
4
7
9
7
10
4
2
7
4
5
3
1
0
1
1
1
0
0
0
0
0
0
1
1
0
0
0
0
0
0
0
0
0
1
0
1
0
0
0
0
0
0
0
0
0
0
0
0
0
0
0
0
0
0
0
0
0
0
0
0
0
0
0
0
0
0
0
0
0
0
0
0
0
0
0
0
0
0
0
0
0
0
0
0
0
0
0
0
0
0
0
0
0
0
0
0
0
0
0
0
0
0
0
0
0
0
0
0
0
0
0
0
0
0
0
0
0
0
0
0
0
0
0
0
0
0
0
0
0
0
0
0
0
0
0
0
0
0
0
0
0
0
0
0
0
0
0
0
0
0
0
0
0
0
0
0
0
0
0
0
0
0
0
0
0
0
0
0
0
0
0
0
0
0
