0
0
0
0
0
0
0
0
0
0
0
0
0
0
0
0
0
0
0
0
0
0
0
0
0
0
0
0
0
0
0
0
0
0
0
0
0
0
0
0
0
0
0
0
0
0
0
0
0
0
0
0
0
0
0
0
0
0
0
0
0
0
0
0
0
0
0
0
0
0
0
0
0
0
0
0
0
0
0
0
0
0
0
0
0
0
0
0
0
0
0
0
0
0
0
0
0
0
0
0
0
0
0
0
0
0
0
0
0
0
0
0
0
0
0
0
0
0
0
0
0
0
0
0
0
0
0
0
0
0
0
0
0
0
0
0
0
0
0
0
0
0
0
0
0
0
0
0
0
0
0
0
0
0
0
0
0
0
0
0
0
0
0
2
0
1
0
2
1
1
1
1
2
0
4
0
2
1
4
4
8
4
5
7
10
9
10
5
7
6
10
10
8
12
9
13
16
18
7
14
7
11
18
20
14
19
19
16
19
14
26
21
24
30
18
22
24
37
28
36
26
35
30
33
33
61
49
60
57
69
70
73
75
68
104
94
107
125
116
130
137
192
217
243
338
391
566
757
996
1303
1703
2323
3426
5344
7972
9571
8242
5558
3520
2369
1710
1254
953
691
510
359
318
236
208
156
135
114
84
91
89
62
63
37
39
39
25
33
29
24
24
33
24
20
28
23
23
23
18
20
17
20
20
21
24
24
18
22
15
20
17
19
14
15
18
20
16
18
25
16
12
10
9
15
13
21
6
10
3
12
6
5
2
7
6
2
5
2
4
4
6
5
3
2
2
0
1
1
1
1
2
0
1
0
0
2
1
1
1
2
0
3
2
2
1
2
0
0
0
0
3
1
0
0
0
0
0
0
1
0
0
0
0
0
0
0
0
0
2
1
0
0
0
0
0
0
0
1
1
0
0
0
1
0
0
0
0
1
0
0
0
0
1
0
0
0
0
0
0
0
0
0
0
0
0
0
0
0
0
0
0
0
0
0
0
0
0
0
0
0
0
0
1
3
14
29
43
58
39
26
17
3
0
0
0
0
0
0
0
0
0
0
0
0
0
0
0
0
0
0
0
0
0
0
0
0
0
0
0
0
0
0
0
0
0
0
0
0
0
0
0
0
0
0
0
0
0
0
0
0
0
0
0
0
0
0
0
0
0
0
0
0
0
0
0
0
0
