0
0
0
0
0
0
0
0
0
0
0
0
0
0
0
0
0
0
0
0
0
0
0
0
0
0
0
0
0
0
0
0
0
0
0
0
0
0
0
0
0
0
0
0
0
0
0
0
0
0
0
0
0
0
0
0
0
0
0
0
0
0
0
0
0
0
0
0
0
0
0
0
0
0
0
0
0
0
0
0
0
0
0
0
0
0
0
0
0
0
0
0
0
0
0
0
0
0
0
0
0
0
0
0
0
0
0
0
0
0
0
0
0
0
0
0
0
0
0
0
0
0
0
1
0
0
0
0
0
0
0
0
0
0
0
0
0
1
0
0
0
0
1
0
1
1
0
0
2
0
0
0
0
0
0
1
1
0
2
1
0
1
0
0
4
2
1
1
4
2
2
5
3
3
5
0
3
2
5
4
3
4
4
7
4
4
5
6
12
8
9
10
13
12
5
10
10
16
15
13
14
11
17
24
16
26
38
29
22
32
36
30
35
31
47
37
44
57
68
78
72
77
85
83
100
102
116
146
149
157
163
189
185
225
239
274
334
328
383
444
532
563
676
745
921
1112
1268
1412
1733
2074
2568
3216
3927
5151
7561
10062
7469
4886
3729
2932
2400
2047
1678
1352
1114
946
811
731
608
562
499
428
428
337
318
307
282
262
203
186
197
173
160
143
134
107
114
123
85
84
87
69
73
72
75
55
48
50
43
40
33
33
38
22
21
31
27
25
16
14
12
9
13
15
15
10
12
7
9
5
7
10
8
2
4
4
3
4
2
3
6
2
1
4
2
3
2
2
2
2
3
0
0
0
1
0
0
0
0
0
0
1
1
1
0
2
1
0
0
0
1
0
0
0
0
0
0
1
0
0
0
1
0
0
0
0
0
0
0
0
0
0
0
0
0
1
0
0
0
0
0
0
0
1
1
0
0
0
0
0
0
0
0
0
0
0
0
0
0
0
0
0
0
0
0
0
0
0
0
0
0
0
0
0
0
0
0
0
0
0
0
0
0
0
0
0
0
0
0
0
0
0
0
0
0
0
0
0
0
0
0
0
0
0
0
0
0
0
0
0
0
0
0
0
0
0
0
0
0
0
0
0
0
0
0
0
0
0
0
0
0
0
0
0
0
0
0
0
0
0
0
0
0
0
0
0
0
0
0
0
0
0
0
0
0
0
0
0
0
0
0
