0
0
0
0
0
0
0
0
0
0
0
0
0
0
0
0
0
0
0
0
0
0
0
0
0
0
0
0
0
0
0
0
0
0
0
0
0
0
0
0
0
0
0
0
0
0
0
0
0
0
0
0
0
0
0
0
0
0
0
0
0
0
0
0
0
0
0
0
0
0
0
0
0
0
0
0
0
0
0
0
0
0
0
0
0
0
0
0
0
0
0
0
0
0
0
0
0
0
0
0
0
0
0
0
0
0
0
0
0
0
0
0
0
0
0
0
0
0
0
0
0
0
0
0
0
0
0
0
0
0
0
0
0
0
0
0
0
0
0
0
0
0
0
0
0
0
0
0
0
0
0
0
0
0
0
0
0
0
0
0
0
0
0
0
0
1
0
1
2
0
1
0
2
1
1
0
5
3
0
0
1
2
0
4
4
1
1
1
1
0
0
0
4
0
1
2
2
5
6
4
4
4
4
5
4
7
9
6
10
11
8
13
12
17
8
19
18
24
21
38
41
46
43
46
44
55
78
79
100
112
121
123
145
157
187
185
237
256
250
297
389
440
465
623
662
775
876
1135
1374
1843
2305
3002
4218
5830
8974
11697
8971
6011
4408
3350
2619
2007
1577
1286
1036
858
727
601
556
451
398
311
299
231
214
187
174
160
130
97
93
88
76
65
64
75
43
46
28
35
25
24
21
16
13
7
8
9
8
6
5
7
2
4
4
1
3
2
3
1
0
1
0
3
0
0
2
0
0
0
0
0
0
1
0
0
0
1
0
0
0
0
0
0
0
0
2
0
1
0
0
0
0
0
0
0
0
0
0
2
0
1
0
1
0
1
4
2
2
0
0
0
0
3
3
2
3
3
6
2
10
6
7
2
9
7
5
9
8
9
7
5
3
10
13
15
11
10
13
9
4
7
7
4
3
0
2
1
1
0
0
0
1
1
0
1
0
0
0
0
0
0
1
0
0
0
0
0
0
0
0
0
0
0
0
0
0
0
0
0
0
0
0
0
0
0
0
0
0
0
0
0
0
0
0
0
0
0
0
0
0
0
0
0
0
0
0
0
0
0
0
0
0
0
0
0
0
0
0
0
0
0
0
0
0
0
0
0
0
0
0
0
0
0
0
0
0
0
0
0
0
0
0
0
0
0
0
0
0
0
0
0
0
0
0
0
0
0
0
0
0
