0
0
0
0
0
0
0
0
0
0
0
0
0
0
0
0
0
0
0
0
0
0
0
0
0
0
0
0
0
0
0
0
0
0
0
0
0
0
0
0
0
0
0
0
0
0
0
0
0
0
0
0
0
0
0
0
0
0
0
0
0
0
0
0
0
0
0
0
0
0
0
0
0
0
0
0
0
0
0
0
0
0
0
0
0
0
0
0
0
0
0
0
0
0
0
0
0
0
0
0
0
0
0
0
0
0
0
0
0
0
0
0
0
0
0
0
0
0
0
0
0
0
0
0
0
0
0
0
0
0
0
0
0
0
0
0
0
0
0
0
0
0
0
0
0
0
0
0
0
0
0
0
0
0
0
0
0
0
1
0
0
0
1
0
0
0
0
0
1
1
0
1
0
1
0
4
1
2
0
2
1
0
0
1
1
0
0
1
0
4
0
0
3
2
1
2
2
4
3
2
6
6
5
8
11
11
11
14
10
16
14
22
24
20
27
25
35
34
38
54
41
44
39
49
64
69
78
92
107
92
125
119
130
145
159
180
223
235
261
282
333
381
491
565
638
789
946
1045
1437
1811
2335
3051
4178
6059
9110
11915
9217
6107
4460
3181
2599
1851
1426
1140
890
696
664
513
449
387
327
322
241
261
207
197
145
158
147
118
106
104
105
72
87
77
61
67
46
44
41
38
47
41
27
24
22
25
20
14
12
17
6
20
5
11
7
4
7
5
4
2
6
1
1
2
4
3
3
3
1
1
2
2
2
2
0
1
1
0
1
0
2
0
0
0
0
0
0
0
0
0
0
0
0
0
0
0
0
0
0
0
1
2
0
3
1
7
4
5
6
5
3
2
7
3
1
7
5
3
4
6
8
6
4
8
5
5
7
8
8
7
10
10
19
13
22
13
5
1
1
1
0
0
0
0
0
0
0
0
0
0
0
0
0
0
0
0
0
0
0
0
0
0
0
0
0
0
0
0
0
0
0
0
0
0
0
0
0
0
0
0
0
0
0
0
0
0
0
0
0
0
0
0
0
0
0
0
0
0
0
0
0
0
0
0
0
0
0
0
0
0
0
0
0
0
0
0
0
0
0
0
0
0
0
0
0
0
0
0
0
0
0
0
0
0
0
0
0
0
0
0
0
0
0
0
0
0
0
0
0
0
0
0
0
0
0
0
0
0
0
