0
0
0
0
0
0
0
0
0
0
0
0
0
0
0
0
0
0
0
0
0
0
0
0
0
0
0
0
0
0
0
0
0
0
0
0
0
0
0
0
0
0
0
0
0
0
0
0
0
0
0
0
0
0
0
0
0
0
0
0
0
0
0
0
0
0
0
0
0
0
1
0
0
1
0
0
0
0
0
3
0
1
0
0
1
0
2
0
0
1
2
1
0
3
2
1
1
3
4
2
2
0
3
3
4
5
2
7
3
5
1
10
9
5
3
7
5
7
9
5
7
6
4
10
11
12
12
12
11
9
15
9
13
13
11
14
17
24
24
12
23
18
20
14
20
24
18
30
31
26
27
27
26
48
22
50
36
37
34
28
42
46
40
36
40
37
32
44
44
62
55
56
54
63
60
64
55
81
81
68
84
88
82
110
101
95
87
124
112
107
104
98
125
124
128
139
135
165
139
145
153
183
166
175
197
178
237
219
241
225
248
237
310
295
315
307
320
360
394
416
425
458
509
559
532
572
662
685
782
829
859
896
1012
1075
1215
1298
1366
1602
1870
1906
2123
2464
2614
3016
3409
3860
4553
5431
6382
7645
9449
11420
14374
19330
27720
36223
27449
19171
14207
11331
9138
7558
6295
5392
4672
3959
3555
3006
2612
2408
2171
1836
1737
1512
1409
1231
1190
1131
994
953
866
740
638
611
586
530
534
536
424
454
390
378
367
333
351
324
282
270
287
256
274
213
237
233
214
210
188
182
161
194
160
124
138
144
135
143
117
174
128
128
123
119
122
121
127
114
101
81
87
102
79
90
77
83
83
53
88
60
58
55
70
74
52
57
52
48
53
49
47
49
58
41
57
38
41
39
52
44
37
39
32
23
38
36
43
30
37
31
26
32
29
22
20
27
22
26
24
17
21
14
21
15
18
20
16
19
13
11
15
16
9
12
18
11
11
18
10
11
11
15
14
11
9
9
11
6
8
8
8
10
8
7
10
1
5
7
8
4
5
7
8
7
3
7
4
3
2
8
2
2
3
2
4
4
4
2
3
1
0
3
2
1
3
4
1
1
2
0
1
1
1
0
0
1
0
0
0
1
0
0
1
0
1
0
0
0
0
0
0
0
0
0
0
0
0
0
0
0
0
0
0
0
0
0
0
0
0
0
0
0
0
0
0
0
0
0
0
0
0
0
0
0
0
0
0
0
0
0
0
0
0
