0
0
0
0
0
0
0
0
0
0
0
0
0
0
0
0
0
0
0
0
0
0
0
0
0
0
0
0
0
0
0
0
0
0
0
0
0
0
0
0
0
0
0
0
0
0
0
0
0
0
0
0
0
0
0
0
0
0
0
0
0
0
0
0
0
0
0
0
0
0
0
0
0
1
0
0
0
0
0
0
0
0
0
0
0
0
0
0
0
0
0
0
0
0
0
0
0
0
1
0
0
0
0
0
1
0
0
0
0
1
0
0
0
0
0
0
0
0
1
0
0
0
0
0
1
0
0
0
0
0
2
0
0
0
1
0
0
0
4
3
5
1
3
1
3
0
0
6
1
0
2
0
6
5
5
6
5
4
3
7
3
10
6
7
16
10
13
6
12
9
18
16
14
10
19
15
32
19
24
18
25
42
27
20
36
33
41
43
50
52
66
52
59
66
59
62
70
77
64
90
98
85
114
115
117
127
123
143
151
144
144
185
186
196
229
224
252
265
289
315
355
321
356
394
389
439
471
564
585
644
628
754
835
888
981
1154
1229
1371
1570
1701
1927
2129
2558
2873
3405
3979
4769
5459
6788
8220
10043
12483
15838
20924
30345
40043
30704
21764
15919
12067
9694
7607
6256
5120
4230
3576
2980
2426
2171
1921
1660
1442
1248
1108
1044
861
873
766
696
667
584
581
528
491
483
424
414
393
334
348
298
314
262
260
253
237
227
189
205
191
170
163
163
154
155
145
131
112
139
108
110
104
105
95
91
76
85
78
78
65
67
71
60
72
68
61
53
49
63
49
45
45
52
30
40
46
43
20
37
44
18
21
22
18
31
23
28
27
23
21
16
16
12
15
15
16
12
10
12
14
8
12
12
8
16
5
15
8
9
7
7
8
8
6
4
5
6
1
2
6
5
3
1
6
4
2
2
4
3
3
1
2
3
1
3
0
4
2
1
1
2
3
0
0
2
1
1
2
0
1
1
0
0
0
1
0
1
0
0
1
1
1
1
0
0
0
0
1
0
0
0
1
0
1
0
0
0
0
0
0
0
0
0
1
0
0
0
0
0
0
0
0
0
0
1
0
0
0
0
0
0
0
0
0
0
0
0
0
0
1
0
0
0
0
1
0
0
0
0
0
0
0
0
0
0
0
0
0
0
0
0
0
0
0
0
0
0
0
0
0
0
0
0
0
0
0
0
0
0
0
0
