0
0
0
0
0
0
0
0
0
0
0
0
0
0
0
0
0
0
0
0
0
0
0
0
0
0
0
0
0
0
0
0
0
0
0
0
0
0
0
0
0
0
0
0
0
0
0
0
0
0
0
0
0
0
0
0
0
0
0
0
0
0
0
0
0
0
0
0
0
0
0
0
0
0
0
0
0
0
0
0
0
0
0
0
0
0
0
0
0
0
0
0
0
0
0
0
0
0
0
0
0
0
0
0
0
0
0
0
0
0
0
0
0
0
0
0
0
0
0
0
0
0
0
0
0
0
0
0
0
0
0
0
0
0
0
0
0
0
0
0
0
0
0
0
0
0
0
0
0
0
0
0
0
0
0
0
0
0
0
0
0
0
0
0
0
0
0
0
0
0
0
0
0
0
0
0
0
0
0
0
0
0
0
0
0
0
0
0
0
0
0
0
0
0
0
0
0
0
0
0
0
0
0
0
0
0
0
0
0
0
0
0
0
0
0
0
0
0
0
0
0
0
0
0
0
0
0
0
0
0
0
0
0
0
0
0
0
0
0
1346
1015
943
688
397
188
160
183
333
545
1100
2153
4439
9306
20482
57316
169250
55784
19546
8654
4044
1995
1002
514
261
144
53
32
11
6
1
0
0
1
0
0
4
0
4
0
1
0
6
0
0
1
8
0
0
5
3
0
0
3
1
0
2
2
6
0
3
0
1
0
3
5
0
0
4
0
3
1
1
5
0
2
4
3
2
5
0
1
1
1
6
1
2
0
3
5
1
0
2
0
0
4
2
3
0
0
3
0
0
2
3
7
0
0
0
0
0
7
0
10
0
2
7
0
0
1
2
5
0
1
0
0
2
0
4
5
1
5
0
0
0
1
5
5
5
3
0
0
0
4
8
0
4
2
0
0
5
2
0
8
0
1
0
1
1
0
0
2
0
0
0
0
1
0
0
4
0
0
0
1
4
0
0
1
0
1
9
0
3
0
2
0
17
0
0
0
1
10
0
5
0
2
0
0
0
3
14
0
0
0
4
5
0
0
10
0
15
44
0
1
0
0
24
0
0
0
0
0
0
0
38
0
0
0
0
0
0
0
0
0
0
0
0
0
0
0
0
0
0
0
0
0
0
0
0
0
0
0
0
0
0
0
0
0
0
0
0
0
0
0
0
0
0
0
0
0
0
0
