0
0
0
0
0
0
0
0
0
0
0
0
0
0
0
0
0
0
0
0
0
0
0
0
0
0
0
0
0
0
0
0
0
0
0
0
0
0
0
0
0
0
0
0
0
0
0
0
0
0
0
0
0
0
0
0
0
0
0
0
0
0
0
0
0
0
0
0
0
0
0
0
0
0
0
0
0
0
0
0
0
0
0
0
0
0
0
0
0
0
0
0
0
0
0
0
0
0
0
0
0
0
0
0
0
0
0
0
0
0
0
0
0
0
0
0
0
0
0
0
0
0
0
0
0
0
0
0
0
0
0
0
0
0
0
0
0
0
0
0
0
0
0
0
0
0
0
0
0
0
0
0
0
0
0
0
0
0
0
0
0
0
0
0
0
0
0
0
0
0
0
0
0
0
0
0
0
0
0
0
0
0
1
0
0
1
0
1
0
2
1
0
1
1
0
0
0
5
0
1
3
4
1
1
3
2
4
4
4
4
1
8
4
8
10
7
9
12
11
12
11
18
20
20
32
41
51
43
46
56
56
58
89
97
110
111
138
159
172
170
248
293
325
414
508
679
776
903
1273
1576
2111
2597
3611
4896
6471
7708
6582
4810
3663
2827
2255
1764
1323
1036
835
691
564
429
360
341
276
217
193
136
121
111
103
86
62
80
61
42
39
30
35
35
19
19
20
15
11
9
5
2
5
9
2
1
2
6
6
0
1
2
1
2
6
3
5
0
1
0
1
0
1
1
1
0
0
1
0
0
1
1
0
1
0
0
0
0
0
0
0
0
0
0
0
0
0
0
0
0
0
0
0
0
1
0
1
1
0
0
0
0
0
0
1
6
4
12
7
17
15
23
25
8
19
13
10
4
6
9
14
10
16
8
4
4
3
4
6
5
0
0
0
0
0
0
0
0
0
0
0
0
0
0
0
0
0
0
0
0
0
0
0
0
0
0
0
0
0
0
0
0
0
0
0
0
0
0
0
0
0
0
0
0
0
0
0
0
0
0
0
0
0
0
0
0
0
0
0
0
0
0
0
0
0
0
0
0
0
0
0
0
0
0
0
0
0
0
0
0
0
0
0
0
0
0
0
0
0
0
0
0
0
0
0
0
0
0
0
0
0
0
0
0
0
0
0
0
0
0
0
0
0
0
0
0
0
0
0
0
0
0
0
0
0
0
0
0
0
