0
0
0
0
0
0
0
0
0
0
0
0
0
0
0
0
0
0
0
0
0
0
0
0
0
0
0
0
0
0
0
0
0
0
0
0
0
0
0
0
0
0
0
0
0
0
0
0
0
0
0
0
0
0
0
0
0
0
0
0
0
0
0
0
0
0
0
0
0
0
0
0
0
0
0
0
0
0
0
0
0
0
0
0
0
0
0
0
0
0
0
0
0
0
0
0
0
0
0
0
0
0
0
0
0
0
0
0
0
0
0
0
0
0
0
0
0
0
0
0
0
0
0
0
0
0
0
0
0
0
0
0
0
0
0
0
0
0
0
0
0
0
0
0
0
0
0
0
0
1
0
0
0
1
0
0
0
0
0
0
0
0
0
0
1
0
0
0
0
1
1
0
2
1
1
1
2
0
0
2
0
2
1
2
0
1
2
0
2
4
3
2
1
3
8
7
1
4
10
5
13
7
14
19
11
13
10
24
18
26
20
20
20
17
23
36
37
44
41
43
48
35
68
50
60
65
72
81
96
94
86
121
121
160
165
183
207
242
299
341
417
448
523
631
779
949
1122
1343
1602
1939
2285
2650
3264
3920
4994
5712
4810
3786
3338
2696
2222
2020
1660
1320
1137
970
794
672
556
467
390
335
258
245
202
180
163
139
104
102
107
88
84
66
65
52
40
47
33
42
52
34
35
27
26
19
23
17
12
14
12
16
21
15
14
9
9
6
3
5
1
6
1
1
3
1
3
3
1
0
1
0
0
0
0
0
0
0
0
0
0
0
0
0
0
0
0
0
0
0
0
0
0
0
0
0
0
0
0
0
0
0
0
0
0
0
0
0
0
0
0
0
0
0
0
0
0
0
0
0
0
0
0
0
0
0
0
0
0
0
0
0
0
0
0
0
0
3
2
1
2
3
2
1
1
1
1
1
3
1
0
1
2
1
1
3
4
1
7
8
3
3
4
3
5
6
2
5
2
3
2
1
0
2
4
2
4
3
3
6
6
7
7
4
5
1
3
12
7
10
11
5
4
7
4
4
5
7
4
2
2
1
4
4
3
1
3
0
4
2
0
1
0
0
0
0
0
0
0
0
0
0
0
0
0
0
0
0
0
0
0
1
0
0
0
1
0
0
0
0
0
1
0
0
0
0
0
0
0
0
0
0
0
0
0
0
0
0
0
0
0
