0
0
0
0
0
0
0
0
0
0
0
0
0
0
0
0
0
0
0
0
0
0
0
0
0
0
0
0
0
0
0
0
0
0
0
0
0
0
0
0
0
0
0
0
0
0
0
0
0
0
0
0
0
0
0
0
0
0
0
0
0
0
0
0
0
0
0
0
0
0
0
0
0
0
0
0
0
0
0
0
0
0
0
0
0
0
0
0
0
0
0
0
0
0
0
0
0
0
0
0
0
0
0
0
0
0
0
0
0
0
0
0
0
0
0
0
0
0
0
0
0
0
0
0
0
0
0
0
0
0
0
0
0
0
0
0
0
0
0
0
0
0
0
0
0
0
0
0
0
0
0
2
0
1
0
0
1
0
5
0
2
2
5
2
2
4
3
2
5
9
12
8
9
18
16
19
24
20
20
24
28
24
37
27
37
36
40
33
40
43
58
49
52
55
61
68
62
74
67
83
73
89
92
103
119
114
132
121
114
144
161
164
191
211
213
246
233
258
285
260
274
320
367
446
417
457
514
519
588
661
664
799
877
949
1050
1215
1257
1604
1632
1991
2144
2526
2886
3337
3986
4358
5149
5811
6632
7712
8819
10137
11404
13162
14791
15785
15152
13018
11228
9829
8616
7410
6596
5589
4796
4159
3591
3268
2678
2354
2018
1841
1621
1427
1154
1158
1032
898
836
762
730
657
634
563
532
509
467
425
437
394
393
297
282
309
285
256
255
226
219
203
170
190
148
143
158
135
124
133
109
109
92
109
96
97
95
79
73
67
58
61
69
51
49
42
42
45
47
41
33
30
41
32
31
38
38
29
33
31
21
22
27
23
26
15
15
18
12
7
10
7
5
5
4
4
2
4
2
1
3
2
1
6
4
0
0
1
2
0
1
1
0
1
2
1
1
0
0
0
0
1
2
0
2
0
1
2
1
0
3
1
1
1
2
0
1
0
1
2
2
3
0
1
1
0
0
1
1
1
0
0
0
1
1
2
2
2
2
1
2
2
1
1
0
1
2
1
2
3
3
2
0
2
0
0
0
0
0
0
0
0
0
0
0
0
0
0
0
0
0
0
0
0
0
0
0
0
0
0
0
0
0
0
0
0
0
0
0
0
0
0
0
0
0
0
0
0
0
0
0
0
0
0
0
0
0
0
0
0
0
0
0
0
0
0
0
0
0
0
0
0
0
0
0
0
0
0
0
0
0
0
0
