0
0
0
0
0
0
0
0
0
0
0
0
0
0
0
0
0
0
0
0
0
0
0
0
0
0
0
0
0
0
0
0
0
0
0
0
0
0
0
0
0
0
0
0
0
0
0
0
0
0
0
0
0
0
0
0
0
0
0
0
0
0
0
0
0
0
0
0
0
0
0
0
0
0
0
0
0
0
0
0
0
0
0
0
0
0
0
0
0
0
0
0
0
0
0
0
0
0
0
0
0
0
0
0
0
0
0
0
0
0
0
0
0
0
0
0
0
0
0
0
0
0
0
0
0
0
0
0
0
0
0
0
0
0
0
0
0
0
0
0
0
0
0
0
0
0
0
0
0
0
0
0
0
0
0
0
0
0
0
0
0
0
0
0
0
0
0
0
0
0
0
0
0
0
0
0
0
0
0
0
0
0
0
0
0
0
0
0
0
0
0
0
0
0
0
0
0
0
0
0
0
0
0
0
0
0
0
0
0
0
0
0
0
0
0
0
0
0
0
0
0
0
0
0
0
0
0
0
0
0
0
0
0
0
0
0
0
0
0
0
0
0
0
0
0
0
0
136
185
122
177
751
3620
12304
47813
133180
46322
12175
3541
720
74
1
0
0
0
1
0
0
0
0
0
0
0
0
0
0
0
0
0
0
0
0
1
0
2
0
0
0
5
1
3
0
1
2
0
1
0
0
3
2
1
2
2
3
2
3
0
7
2
2
4
2
4
5
4
6
3
6
4
5
7
8
1
6
4
13
7
5
8
4
6
6
6
2
8
4
8
4
3
4
3
4
6
8
4
7
5
9
4
7
10
2
5
6
1
12
3
3
5
5
6
7
10
6
10
3
8
8
4
2
4
10
5
5
6
7
6
8
4
8
6
9
6
3
3
2
5
8
9
5
5
8
7
11
4
6
8
11
8
9
10
6
8
8
8
9
7
8
9
7
12
7
15
9
9
16
12
13
13
12
8
12
12
10
10
11
11
8
7
10
5
8
7
8
14
12
14
17
7
10
7
8
4
3
1
4
4
2
1
4
1
0
3
1
1
1
0
0
3
0
1
0
0
0
0
0
1
2
0
0
0
0
0
0
0
0
0
0
0
0
0
0
0
0
0
0
0
0
0
0
0
0
0
0
0
0
0
0
0
0
0
0
0
0
0
0
0
0
0
0
0
