0
0
0
0
0
0
0
0
0
0
0
0
0
0
0
0
0
0
0
0
0
0
0
0
0
0
0
0
0
0
0
0
0
0
0
0
0
0
0
0
0
0
0
0
0
0
0
0
0
0
0
0
0
0
0
0
0
0
0
0
0
0
0
0
0
0
0
0
0
0
0
0
0
0
0
0
0
0
0
0
0
0
0
0
0
0
0
0
0
0
0
0
0
0
0
0
0
0
0
0
0
0
0
0
0
0
0
0
0
0
0
0
0
0
0
0
0
0
0
0
0
0
0
0
0
0
0
0
0
0
0
0
0
0
0
0
0
0
0
0
0
0
0
0
0
0
0
0
0
0
0
0
0
0
0
0
0
0
0
0
0
0
0
0
0
0
0
0
0
0
0
0
0
0
0
0
0
0
0
0
0
0
0
0
0
0
0
0
0
0
0
0
0
0
0
0
0
0
0
0
0
0
0
0
0
0
0
0
0
0
0
0
0
0
0
0
0
0
0
0
0
0
0
0
0
0
0
0
0
0
0
0
0
0
0
0
0
0
0
0
0
0
0
0
0
0
0
10
68
92
229
563
1468
4554
34464
176257
37510
4327
1396
497
153
35
9
0
0
0
0
0
0
0
0
0
0
0
0
0
0
0
0
0
0
0
0
0
5
3
8
4
5
3
5
3
2
5
4
2
1
5
3
5
2
5
8
9
5
6
2
3
6
2
2
4
3
4
3
0
1
2
0
2
0
0
1
1
2
2
2
0
7
2
3
1
5
3
6
5
2
5
5
5
3
5
5
7
4
8
3
5
2
11
10
9
9
15
26
10
11
12
11
8
4
11
11
2
5
2
1
0
0
0
1
1
0
0
0
0
3
1
0
1
1
1
1
0
3
1
0
1
1
1
2
1
1
1
1
0
0
1
0
0
0
1
0
0
2
0
0
1
3
2
4
9
5
10
6
4
6
11
4
7
1
2
2
0
0
3
3
1
0
0
2
0
0
0
0
0
0
0
0
0
0
0
0
0
0
0
0
0
0
0
0
0
0
0
0
0
0
0
0
0
0
0
0
0
0
0
0
0
0
0
0
0
0
0
0
0
0
0
0
0
0
0
0
0
0
0
0
0
0
0
0
0
0
0
0
0
0
0
0
0
0
0
0
0
0
0
0
0
0
0
0
