0
0
0
0
0
0
0
0
0
0
0
0
0
0
0
0
0
0
0
0
0
0
0
0
0
0
0
0
0
0
0
0
0
0
0
0
0
0
0
0
0
0
0
0
0
0
0
0
0
0
0
0
0
0
0
0
0
0
0
0
0
0
0
0
0
0
0
0
0
0
0
0
0
0
0
0
0
0
0
0
0
0
0
0
0
0
0
0
0
0
0
0
0
0
0
0
0
0
0
0
0
0
0
0
0
0
0
0
0
0
0
0
0
0
0
0
0
0
0
0
0
0
0
0
0
0
0
0
0
0
0
0
0
0
0
0
0
0
0
0
0
0
0
0
0
0
0
0
0
0
0
0
0
0
0
0
0
0
0
0
0
0
0
0
0
0
0
0
0
0
0
0
0
0
0
0
0
0
0
2
0
0
1
0
1
0
1
0
2
0
2
2
3
3
4
3
0
8
3
4
10
5
5
10
11
14
13
16
16
9
15
25
24
34
27
40
47
37
55
40
69
82
94
92
102
121
138
139
165
197
228
254
286
318
359
400
452
500
583
613
692
779
932
1009
1192
1314
1479
1639
1796
1955
2198
2364
2583
2752
2770
3369
2806
2629
2536
2411
2243
2028
1834
1578
1400
1322
1177
1010
906
803
699
614
573
502
433
410
332
324
285
251
199
200
168
136
139
128
105
92
72
77
73
60
49
45
42
29
37
27
31
28
19
20
14
14
28
8
17
12
6
6
8
6
4
2
2
3
0
0
3
1
1
3
1
0
1
0
1
0
1
0
0
0
0
0
0
0
0
0
1
0
0
1
1
0
1
1
0
0
0
0
0
0
0
0
0
0
0
0
0
0
0
0
0
0
0
0
0
0
0
0
0
0
0
0
0
0
0
0
0
0
0
0
0
0
0
0
0
0
0
0
0
0
0
0
0
0
0
0
0
0
0
0
0
0
0
0
0
0
0
0
0
0
0
0
0
0
0
0
0
0
0
0
0
0
0
0
0
0
0
0
0
0
0
0
0
0
0
0
0
0
0
0
0
0
0
0
0
0
0
0
0
0
0
0
0
0
0
0
0
0
0
0
0
0
0
0
0
0
0
0
0
0
0
0
0
0
0
0
0
0
0
0
0
0
0
0
0
0
0
0
0
0
0
0
0
0
0
0
0
0
0
0
0
0
0
0
0
0
0
0
0
