0
0
0
0
0
0
0
0
0
0
0
0
0
0
0
0
0
0
0
0
0
0
0
0
0
0
0
0
0
0
0
0
0
0
0
0
0
0
0
0
0
0
0
0
0
0
0
0
0
0
0
0
0
0
0
0
0
0
0
0
0
0
0
0
0
0
0
0
0
0
0
0
0
0
0
0
0
0
0
0
0
0
0
0
0
0
0
0
0
0
0
0
0
0
0
0
0
0
0
0
0
0
0
0
0
0
0
0
0
0
0
0
0
0
0
0
0
0
0
0
0
0
0
0
0
0
0
0
0
0
0
0
0
0
0
0
0
0
0
0
0
0
0
0
0
0
0
0
0
0
0
0
0
0
0
0
0
0
0
0
0
0
0
0
0
0
0
0
0
0
0
0
0
0
0
0
2
0
0
0
0
0
0
3
3
1
1
1
0
4
3
2
2
3
1
2
5
1
4
6
5
8
3
7
7
7
6
17
11
17
19
16
20
24
41
27
33
35
41
60
54
66
71
87
85
98
124
156
147
203
212
236
281
301
339
376
398
506
580
668
678
846
966
1098
1146
1281
1503
1674
1911
2012
2202
2389
2544
2746
2760
2809
2725
2678
2593
2355
2201
2084
1837
1752
1458
1277
1169
1077
982
816
755
674
587
519
394
375
325
291
278
250
208
193
146
161
108
116
90
105
87
76
55
55
40
53
40
29
37
23
19
19
21
18
15
15
14
7
11
9
8
6
5
5
4
3
3
6
8
7
5
5
5
2
1
3
4
1
4
4
4
2
3
2
3
4
3
0
5
4
4
4
5
3
3
3
2
2
4
2
2
5
2
5
6
2
6
4
7
12
6
6
3
4
3
4
4
2
2
3
4
8
7
7
3
3
4
2
3
3
1
3
2
2
1
4
2
3
1
2
2
2
0
2
1
1
0
1
0
0
0
0
0
0
0
0
0
0
0
0
0
0
0
0
0
0
0
0
0
0
0
0
0
0
0
0
0
0
0
0
0
0
0
0
0
0
0
0
0
0
0
0
0
0
0
0
0
0
0
0
0
0
0
0
0
0
0
0
0
0
0
0
0
0
0
0
0
0
0
0
0
0
0
0
0
0
0
0
0
0
0
0
0
0
0
0
0
0
0
0
0
0
0
0
0
0
0
0
0
0
0
0
0
0
0
0
0
0
0
0
0
0
0
