0
0
0
0
0
0
0
0
0
0
0
0
0
0
0
0
0
0
0
0
0
0
0
0
0
0
0
0
0
0
0
0
0
0
0
0
0
0
0
0
0
0
0
0
0
0
0
0
0
0
0
0
0
0
0
0
0
0
0
0
0
0
0
0
0
0
0
0
0
0
0
0
0
0
0
0
0
0
0
0
0
0
0
0
0
0
0
0
0
0
0
0
0
0
0
0
0
0
0
0
0
0
0
0
0
0
0
0
0
0
0
0
0
0
0
0
0
0
0
0
0
0
0
0
0
0
0
0
0
0
0
0
0
0
0
0
0
0
0
0
0
0
0
0
0
0
0
0
0
0
0
0
0
0
0
0
0
0
0
0
0
0
0
0
0
0
0
0
0
0
0
0
0
0
0
1
0
0
1
0
0
0
0
1
0
0
1
0
1
1
1
2
1
2
1
1
1
2
4
4
4
3
4
3
6
6
6
8
11
7
9
10
10
15
23
20
25
20
35
29
36
33
62
63
60
96
83
116
121
144
170
156
200
246
268
316
357
389
512
529
600
737
871
1021
1129
1295
1486
1695
1898
2079
2402
2560
2759
3019
3038
3124
3059
3101
2784
2652
2368
2139
1905
1674
1487
1309
1175
1020
925
769
662
561
517
438
404
320
285
262
215
181
167
122
98
107
101
73
70
48
50
39
25
29
19
24
15
21
16
8
9
12
5
11
5
5
7
2
3
3
2
1
1
3
2
3
1
3
0
0
2
1
0
1
1
1
1
0
0
0
1
1
0
0
0
0
0
0
0
0
0
0
0
0
0
0
0
0
0
0
0
0
0
0
0
0
1
0
1
0
2
3
7
1
6
0
4
5
7
8
12
12
13
6
10
6
11
12
7
9
5
12
6
3
6
5
6
8
9
8
7
4
3
5
5
4
1
3
4
3
1
0
2
1
0
2
0
0
0
0
0
0
0
0
0
0
0
0
0
0
0
0
0
0
0
0
0
0
0
0
0
0
0
0
0
0
0
0
0
0
0
0
0
0
0
0
0
0
0
0
0
0
0
0
0
0
0
0
0
0
0
0
0
0
0
0
0
0
0
0
0
0
0
0
0
0
0
0
0
0
0
0
0
0
0
0
0
0
0
0
0
0
0
0
0
0
0
0
0
0
0
0
0
0
0
0
0
0
0
0
0
0
0
