0
0
0
0
0
0
0
0
0
0
0
0
0
0
0
0
0
0
0
0
0
0
0
0
0
0
0
0
0
0
0
0
0
0
0
0
0
0
0
0
0
0
0
0
0
0
0
0
0
0
0
0
0
0
0
0
0
0
0
0
0
0
0
0
0
0
0
0
0
0
0
0
0
0
0
0
0
0
0
0
0
0
0
0
0
0
0
0
0
0
0
0
0
0
0
0
0
0
0
0
0
0
0
0
0
0
0
0
0
0
0
0
0
0
0
0
0
0
0
0
0
0
0
0
0
0
0
0
0
0
0
0
0
0
0
0
0
0
0
0
0
0
0
0
0
0
0
0
0
0
0
0
0
0
0
0
1
0
0
0
0
1
1
6
0
1
2
2
2
3
2
4
1
3
2
3
3
1
4
5
3
2
3
2
4
0
2
1
6
3
3
2
3
2
3
3
6
2
6
9
11
3
7
10
11
8
10
6
11
9
18
19
22
21
31
26
34
37
29
48
39
66
52
73
88
90
105
94
135
136
153
180
211
255
266
307
344
408
486
564
640
774
864
1007
1223
1296
1540
1839
1923
2087
2333
2507
2600
2937
2966
2999
2938
2830
2781
2550
2356
2119
2026
1751
1620
1327
1185
978
879
786
649
566
518
418
342
294
295
211
191
186
173
128
114
105
94
87
88
68
56
47
44
36
29
28
19
20
13
28
17
14
20
13
7
11
11
8
12
5
10
7
3
4
10
7
7
6
5
6
5
4
5
4
2
5
3
2
1
1
2
3
2
1
4
1
0
3
2
0
0
0
0
0
0
2
0
0
0
0
0
1
0
0
1
0
0
0
0
0
0
0
1
3
0
0
0
0
0
2
1
3
2
4
3
1
2
2
3
3
1
4
3
4
6
6
5
6
6
10
9
8
8
7
11
12
6
4
6
13
6
8
3
6
5
13
6
4
5
4
5
3
1
3
2
3
4
2
3
0
2
1
1
0
1
0
0
0
0
0
0
0
0
0
0
0
0
0
0
0
0
0
0
0
0
0
0
0
0
0
0
0
0
0
0
0
0
0
0
0
0
0
0
0
0
0
0
0
0
0
0
0
0
0
0
0
0
0
0
0
0
0
0
0
0
0
0
0
0
0
0
0
0
0
0
0
0
0
0
0
0
0
0
0
0
0
0
0
0
0
0
0
0
