0
0
0
0
0
0
0
0
0
0
0
0
0
0
0
0
0
0
0
0
0
0
0
0
0
0
0
0
0
0
0
0
0
0
0
0
0
0
0
0
0
0
0
0
0
0
0
0
0
0
0
0
0
0
0
0
0
0
0
0
0
0
0
0
0
0
0
0
0
0
0
0
0
0
0
0
0
0
0
0
0
0
0
0
0
0
0
0
0
0
0
0
0
0
0
0
0
0
0
0
0
0
0
0
0
0
0
0
0
1
0
0
1
0
0
0
0
0
0
1
0
0
0
1
0
1
1
1
0
0
2
2
0
0
3
2
3
0
2
1
2
2
6
5
4
0
6
3
8
6
18
11
9
11
7
16
16
26
25
23
33
29
36
35
47
39
44
58
54
72
64
64
75
78
97
87
78
93
114
109
119
112
137
125
147
161
144
190
205
208
218
242
239
231
260
275
318
301
319
294
367
379
350
417
420
411
451
456
528
520
518
572
614
682
641
684
692
727
765
858
885
911
972
1000
1029
1133
1203
1230
1295
1375
1404
1515
1616
1789
1786
1946
2094
2254
2399
2585
2826
3134
3362
3538
3923
4281
4694
5163
5714
6272
6664
7139
7524
7941
8058
9115
8060
7700
7478
7097
6563
5995
5575
5120
4564
4166
3863
3532
3256
3024
2725
2547
2428
2240
2115
1944
1804
1678
1666
1445
1386
1349
1239
1193
1144
1146
1016
1007
977
886
820
836
826
799
720
735
665
629
591
590
550
539
495
462
494
409
441
388
381
343
324
313
314
286
286
248
236
249
211
212
204
193
199
175
179
140
142
133
144
114
122
97
114
96
79
85
81
79
63
55
65
52
52
45
43
40
36
38
38
30
18
32
22
21
19
20
18
14
13
18
12
7
12
8
5
7
8
6
4
1
4
4
1
1
3
3
2
0
2
1
1
1
1
1
1
0
0
0
1
0
0
0
0
0
0
0
0
0
0
0
1
0
0
0
0
0
0
0
0
0
0
0
0
0
0
0
0
0
0
0
0
0
0
0
0
0
0
0
0
0
0
0
0
0
0
0
0
0
0
0
0
0
0
0
0
0
0
0
0
0
0
0
0
0
0
0
0
0
0
0
0
0
0
0
0
0
0
0
0
0
0
0
0
0
0
0
0
0
0
0
0
0
0
0
0
0
0
0
0
0
0
0
0
0
0
0
0
0
0
0
0
0
0
0
0
0
0
0
0
0
0
