0
0
0
0
0
0
0
0
0
0
0
0
0
0
0
0
0
0
0
0
0
1
0
0
0
0
0
0
0
1
0
0
0
0
0
0
0
0
0
0
0
0
0
1
0
0
0
0
0
0
0
0
0
0
0
0
0
0
1
0
0
0
1
0
0
0
0
0
0
0
1
0
0
1
0
0
0
0
0
0
1
1
0
0
1
1
0
1
0
1
1
0
2
1
1
1
0
1
2
0
0
1
2
2
3
2
1
1
1
1
3
4
3
2
1
1
3
3
1
3
2
2
1
1
1
2
3
2
2
1
6
2
5
1
2
8
3
5
4
4
7
4
5
4
9
4
8
2
2
5
7
8
7
10
8
11
10
6
10
8
7
15
8
12
8
18
15
16
10
19
19
11
21
18
18
14
21
27
24
32
33
23
31
33
31
33
37
34
32
35
41
45
35
34
46
52
52
50
67
57
56
69
82
49
69
86
105
98
94
112
95
88
108
116
136
125
148
144
176
200
184
194
212
228
206
245
229
295
307
344
367
401
421
486
527
560
604
647
732
833
959
1058
1197
1378
1688
1865
2308
2788
3359
4108
4951
6149
8134
10267
13446
28598
13622
10319
8133
6461
4971
4127
3370
2833
2315
1948
1569
1489
1276
1077
962
845
775
729
622
538
493
481
428
428
367
329
299
258
245
267
208
251
226
177
192
174
166
152
141
133
112
130
102
116
108
98
104
67
85
77
74
66
71
63
71
63
38
40
51
50
37
38
38
39
40
37
34
32
38
29
30
25
41
21
19
29
26
21
19
16
17
15
12
15
9
17
10
11
18
12
10
10
15
13
13
20
12
9
13
8
7
4
14
9
3
4
4
2
6
5
4
6
6
4
1
7
4
5
1
5
4
3
4
3
3
4
1
3
3
3
4
1
3
2
4
2
3
3
2
1
0
2
0
1
2
1
2
0
2
2
1
1
1
1
0
0
0
2
0
0
0
2
0
0
0
1
0
0
1
0
0
2
0
1
0
1
0
0
0
0
0
0
2
0
0
1
2
2
0
1
0
1
0
0
1
0
0
0
0
0
0
0
0
0
0
0
0
0
0
0
0
0
0
0
0
0
0
0
0
0
0
0
0
0
0
0
0
0
0
0
0
0
0
0
0
0
0
0
0
0
0
0
0
0
0
0
0
0
0
0
0
0
0
0
0
