0
0
0
0
0
0
0
1
0
0
0
0
1
0
0
0
0
0
0
0
0
0
0
0
0
0
0
0
0
0
0
1
0
0
0
0
0
0
0
1
0
0
0
0
0
0
0
0
0
0
0
0
0
0
1
1
2
1
0
0
0
0
0
0
1
0
1
1
1
1
1
2
2
0
0
0
0
3
1
0
0
0
1
0
1
1
1
3
2
2
1
0
1
2
0
1
2
1
3
0
1
2
4
2
0
1
0
9
3
3
3
2
2
6
4
7
6
6
3
7
5
6
3
6
3
5
4
7
18
4
6
8
6
3
6
7
14
8
10
8
7
7
8
11
9
15
12
7
10
12
11
13
8
12
21
11
11
8
9
11
12
22
13
12
19
15
17
23
19
19
19
22
17
23
32
21
30
28
27
23
27
26
31
34
27
26
32
40
33
39
34
43
46
47
46
43
56
58
42
69
53
51
67
66
68
81
66
73
74
87
93
109
88
108
125
112
107
118
173
144
153
156
185
210
215
217
231
260
286
316
342
387
427
455
479
561
653
742
752
943
1016
1131
1380
1497
1659
2114
2543
3014
3521
4116
4775
5995
7134
9138
12412
31874
12617
9525
7461
5996
5005
4219
3723
3035
2495
2067
1740
1514
1372
1128
988
884
816
660
634
585
517
469
429
353
380
334
316
261
275
256
249
194
202
191
160
150
124
163
135
121
134
119
94
95
103
79
82
76
66
67
74
83
70
63
60
62
55
37
49
53
34
40
46
46
42
40
35
34
23
26
26
37
34
23
26
21
24
22
27
20
22
33
27
21
29
26
13
18
18
21
14
16
14
13
18
23
10
13
11
12
9
12
6
6
9
15
12
16
12
11
17
16
31
30
28
33
45
39
29
29
18
8
12
25
15
21
22
85
8
15
12
8
10
7
2
10
6
5
4
3
5
4
6
4
3
2
2
4
6
2
1
1
0
1
2
2
2
0
4
1
0
1
0
0
2
3
0
0
2
0
0
0
0
2
0
0
0
1
0
0
1
0
1
0
1
0
0
0
0
0
0
0
0
0
0
0
0
0
0
0
0
0
0
0
0
0
0
0
0
0
0
0
0
0
0
0
0
0
0
0
0
0
0
0
1
0
0
0
0
0
0
0
0
0
0
0
0
0
0
0
0
0
0
0
0
0
0
0
0
0
0
0
0
0
0
