0
0
0
0
0
0
0
0
0
0
1
1
0
0
0
0
1
0
0
0
0
0
0
0
0
2
0
0
0
0
0
4
0
0
1
0
1
0
1
1
3
2
0
1
2
1
1
0
4
4
3
5
3
6
6
4
1
3
3
5
3
3
3
0
2
4
7
3
5
6
3
4
12
8
18
9
6
10
4
7
8
8
8
8
5
7
9
9
5
9
12
8
4
9
14
9
14
15
8
7
8
14
8
14
14
21
10
12
11
15
11
13
15
11
22
10
19
15
22
18
17
25
20
17
22
12
14
13
24
20
25
17
23
20
18
33
27
33
35
22
37
30
30
32
36
43
38
28
45
49
38
35
46
38
40
36
43
41
47
51
54
72
69
67
58
61
79
68
70
74
76
72
81
98
81
94
119
90
181
96
94
97
122
130
119
144
154
146
170
156
172
177
176
190
185
203
179
214
223
249
243
243
267
256
326
321
335
356
316
346
361
391
454
443
456
510
501
528
517
572
629
686
728
761
790
814
908
971
1067
1115
1229
1331
1434
1605
1721
1916
2149
2408
2672
2989
3446
4010
4545
5356
6290
7387
8855
10732
12617
15317
19393
24614
31105
40880
54764
137676
54507
39881
30590
24225
19041
15027
12388
10200
8521
6976
6222
5257
4388
3944
3470
2934
2747
2401
2059
1841
1691
1547
1423
1335
1216
1118
1043
971
835
939
798
705
672
672
592
577
548
568
497
417
441
452
373
389
407
366
356
340
312
290
290
294
261
277
243
240
247
229
222
209
189
209
198
198
183
207
168
183
167
130
156
145
164
124
116
133
149
123
106
117
98
96
91
88
99
68
81
79
84
72
70
64
74
82
62
71
68
72
71
69
56
67
60
60
62
43
58
52
56
47
62
61
51
45
39
33
40
42
34
33
31
39
36
38
27
33
36
17
28
37
29
36
28
33
22
30
27
22
21
28
21
29
19
21
22
20
16
30
14
19
23
15
18
23
26
22
20
13
18
21
12
22
21
11
13
10
23
11
10
20
11
12
9
15
12
14
8
6
10
15
7
15
8
8
7
11
7
6
8
13
10
6
5
8
7
3
5
5
3
3
3
9
7
3
3
3
4
3
4
4
0
3
10
2
0
2
5
1
4
1
1
2
1
0
1
1
0
3
0
0
2
0
1
0
1
0
1
0
0
0
1
1
1
0
2
1
0
1
0
2
0
0
0
0
3
