0
0
0
0
0
0
0
0
0
0
0
0
0
0
0
0
0
0
0
0
0
0
0
0
0
0
0
0
0
0
0
0
0
2
0
0
0
0
0
1
0
0
0
0
1
1
1
0
0
0
0
0
0
2
0
2
0
0
1
1
3
2
0
1
0
1
1
1
0
6
1
1
3
5
2
0
1
5
4
3
2
6
3
1
2
1
3
0
5
2
7
3
0
4
2
4
5
3
7
7
10
4
3
4
5
8
10
6
5
8
3
10
6
7
6
11
10
5
9
8
6
13
14
10
9
10
15
14
13
17
15
12
21
16
15
16
13
16
15
15
20
26
22
18
21
21
28
22
30
35
30
23
31
32
35
35
36
26
32
30
43
42
54
52
51
50
41
47
52
47
54
61
56
72
68
69
60
78
91
78
109
87
84
111
112
106
109
141
151
125
148
138
151
159
146
179
191
210
221
185
197
240
226
253
294
301
302
302
316
326
354
399
405
407
412
451
497
508
548
596
563
603
693
660
792
856
870
959
1058
1112
1115
1300
1390
1506
1721
1868
2055
2292
2676
2937
3291
3860
4353
5260
5979
7137
8431
10130
12521
15651
19969
25576
33329
45979
62381
125257
53953
41437
31738
25475
19901
15673
12787
10392
8588
7256
6117
5194
4420
3893
3358
2982
2593
2337
1993
1841
1642
1541
1422
1290
1165
1066
947
862
873
785
735
759
647
629
574
540
488
508
452
413
408
395
364
341
337
329
303
309
285
260
232
235
242
227
190
205
198
192
174
181
165
150
149
145
130
131
123
134
108
124
95
97
103
107
72
91
90
71
65
71
67
78
71
70
57
68
68
66
53
53
52
54
40
59
42
48
43
40
38
45
31
35
36
41
26
26
32
30
41
37
23
27
28
21
23
25
19
21
28
13
22
21
20
17
11
11
18
13
10
14
15
14
14
10
8
14
16
7
3
12
13
12
9
7
9
10
10
9
14
11
6
7
8
5
10
8
8
7
10
8
6
4
9
7
7
4
4
3
5
2
6
4
6
9
7
5
4
2
2
2
2
4
3
2
3
2
2
1
2
4
0
1
1
1
2
1
0
0
0
0
1
1
0
1
1
1
0
1
1
1
0
0
0
0
0
0
1
0
0
0
0
0
0
0
0
2
0
0
0
0
0
0
0
0
0
0
0
0
0
0
0
0
1
0
0
0
0
0
0
0
0
0
0
0
0
