0
0
0
0
0
0
0
0
0
0
0
0
0
0
0
0
0
0
0
0
0
0
0
0
0
0
0
0
0
0
0
0
0
0
0
0
0
0
0
0
0
0
0
0
0
0
0
0
0
0
0
0
0
0
0
0
0
0
0
0
0
0
0
0
0
0
0
0
0
0
0
0
0
0
0
0
0
0
0
0
0
0
0
0
0
0
0
0
0
0
0
0
0
0
0
0
0
0
0
0
0
0
0
0
0
0
0
0
0
0
0
0
0
0
0
0
0
0
0
0
0
1
0
0
0
0
0
0
0
0
0
0
2
0
0
0
0
0
0
0
0
0
0
0
0
0
0
2
1
1
5
2
7
7
14
14
26
23
18
30
18
10
12
5
7
1
3
1
0
0
1
0
1
0
1
0
3
2
4
4
10
6
3
6
4
2
1
3
2
1
0
1
0
0
2
0
4
2
1
4
2
1
4
6
6
7
7
7
4
9
9
5
5
9
9
14
6
21
6
19
17
10
17
29
16
25
39
25
41
40
50
49
58
70
75
75
89
132
130
157
173
211
292
297
392
470
649
775
1081
1550
2256
3114
4337
5541
6596
7134
6596
5625
4298
3265
2158
1487
1133
813
620
490
392
304
217
188
148
126
120
96
73
70
68
66
51
37
36
36
30
20
16
12
14
15
11
19
9
10
10
6
14
4
10
7
8
6
6
8
5
9
6
3
3
7
6
2
1
4
4
4
2
5
4
1
2
2
1
2
1
1
3
0
1
1
1
1
1
2
1
0
0
0
0
0
0
0
0
0
0
0
0
0
0
0
0
0
0
0
0
0
0
0
0
0
0
0
0
0
0
0
0
0
0
0
0
0
0
0
0
0
0
0
0
0
0
0
0
0
0
0
0
0
0
0
0
0
0
0
0
0
0
0
0
0
0
0
0
0
0
0
0
0
0
0
0
0
0
0
0
0
0
0
0
0
0
0
0
0
0
0
0
0
0
0
0
0
0
0
0
0
0
0
0
0
0
0
0
0
4
6
12
15
2
0
1
1
0
0
1
1
1
1
0
0
0
0
1
1
2
2
8
7
12
74
25
19
12
16
9
7
13
2
1
0
0
0
0
0
0
0
0
0
0
0
0
0
0
0
0
0
0
0
0
0
0
0
0
0
0
0
0
0
0
0
0
0
0
