0
0
0
0
0
0
0
0
0
0
0
0
0
0
0
0
0
0
0
0
0
0
0
0
0
0
0
0
0
0
0
0
0
0
0
0
0
0
0
0
0
0
0
0
0
0
0
0
0
0
0
0
0
0
0
0
0
0
0
0
0
0
0
0
0
0
0
0
0
0
0
0
0
0
0
0
0
0
0
0
0
0
0
0
0
0
0
0
0
0
0
0
0
0
0
0
0
0
0
1
1
0
0
0
0
0
0
0
0
0
2
0
0
1
0
0
0
0
0
0
0
0
0
0
1
2
3
3
5
9
7
11
10
8
4
6
3
0
2
6
8
2
4
3
4
0
3
0
1
5
7
7
7
8
10
11
4
4
5
3
2
4
3
0
0
1
2
2
7
6
5
4
5
11
8
6
4
1
0
0
1
2
1
5
0
0
1
3
1
2
2
1
5
6
4
4
7
8
8
9
9
9
15
6
16
18
19
11
12
21
20
18
45
26
26
37
51
54
48
70
62
86
77
107
114
125
145
158
176
204
248
227
281
329
360
426
502
525
630
736
840
958
1101
1319
1552
1830
2407
3195
4213
5913
8564
12156
16418
21595
27108
32316
26743
21303
16478
12035
8412
5865
4213
3021
2374
1888
1526
1313
1106
918
778
725
655
571
455
434
353
322
280
238
225
202
193
158
139
128
134
102
94
78
77
58
62
66
49
55
46
44
37
31
29
26
35
22
21
17
16
21
12
17
7
6
11
8
3
3
4
8
5
2
2
6
3
1
2
2
0
0
2
2
0
0
0
2
1
1
0
0
0
0
0
2
0
0
1
0
1
0
0
0
0
0
0
0
0
1
1
0
0
0
0
0
0
0
0
0
0
0
0
0
0
0
0
0
0
0
0
0
0
0
0
0
0
0
0
0
0
0
0
0
0
0
0
0
0
0
0
0
0
0
0
1
0
0
0
0
0
0
0
0
0
0
0
0
0
0
0
0
0
0
0
0
0
0
0
0
0
0
0
0
0
0
0
0
0
0
0
0
0
0
0
0
0
0
0
0
0
0
0
0
0
0
0
0
0
0
0
0
0
0
0
0
0
0
0
0
0
0
0
0
0
0
0
0
0
0
0
0
0
0
0
0
0
0
0
0
0
0
0
0
0
0
0
0
0
0
0
0
0
0
0
0
0
0
0
0
0
0
0
0
0
