0
0
0
0
0
0
0
0
0
0
0
0
0
0
0
0
0
0
0
0
0
0
0
0
0
0
0
0
0
0
0
0
0
0
0
0
0
0
0
0
0
0
0
0
0
0
0
0
0
0
0
0
0
0
0
1
0
0
0
0
0
0
0
0
0
0
0
0
0
0
0
0
0
0
0
0
0
0
0
0
0
0
0
0
0
0
0
0
0
0
0
0
0
0
0
0
0
0
0
0
0
0
0
0
0
0
0
0
0
1
0
0
0
0
0
0
0
0
0
0
0
0
0
0
0
0
0
0
0
0
0
0
0
0
0
0
1
1
0
0
0
0
0
0
0
0
1
0
0
0
1
0
1
2
1
1
2
0
0
0
1
0
0
0
1
1
0
2
3
1
5
5
6
9
11
15
12
18
9
11
21
26
16
23
11
12
20
15
12
15
24
23
22
18
29
24
34
35
32
36
44
45
38
56
46
61
56
44
53
58
81
71
78
72
99
93
92
84
114
122
127
116
148
151
189
189
196
230
266
243
325
372
408
432
488
533
586
655
804
912
1003
1166
1306
1519
1855
2189
2651
3430
4443
5747
8293
11296
15244
19705
24269
28982
24966
20327
16263
11992
8670
6326
4670
3721
2875
2268
1928
1608
1303
1159
1002
926
694
687
589
538
536
437
384
331
338
275
288
244
226
214
196
174
156
169
137
148
144
119
99
105
81
84
71
83
83
58
63
61
54
42
53
51
27
44
36
34
24
42
40
42
49
55
42
45
52
41
64
43
56
56
51
51
41
24
14
25
17
29
32
21
15
13
3
2
4
3
1
9
8
8
6
18
26
24
30
37
29
29
29
26
38
45
27
29
103
0
1
2
0
0
1
1
0
1
1
0
0
0
0
0
3
0
1
0
2
0
0
0
0
0
1
0
2
1
0
0
0
1
0
0
1
1
0
1
0
0
0
0
0
0
0
0
0
0
0
0
0
0
0
0
0
0
0
0
0
0
0
0
0
0
0
0
0
0
0
0
0
0
0
0
0
0
0
0
0
0
0
0
0
0
0
0
0
0
0
0
0
0
0
2
0
0
0
0
0
0
0
0
0
0
0
0
0
0
0
0
0
0
0
0
0
0
0
0
0
0
0
0
0
0
0
0
0
0
0
0
0
0
0
0
0
0
0
0
0
0
0
0
0
0
0
0
0
0
0
